2.722979 0.580804
1.335035 0.738747
1.512081 0.835981
0.485399 1.970027
1.550977 1.478379
1.514019 1.204197
0.887187 0.736395
0.956085 1.511093
1.101586 1.428186
1.749623 0.086557
-0.229963 0.774859
-0.021548 1.508868
1.441299 0.303831
0.002887 0.604083
0.134826 0.647919
0.074638 1.092034
0.233085 2.440642
0.950714 0.531498
0.465604 1.122115
1.141146 0.790955
1.341105 0.592055
1.755433 2.074337
2.092440 1.739986
1.067657 0.684354
1.028263 1.196875
1.253959 1.609131
0.242478 0.547118
0.496654 0.856360
1.874326 -0.103580
1.115749 1.557362
0.596261 1.943207
0.296655 2.337787
0.368762 0.763403
0.859826 1.848363
0.989224 0.322647
0.647538 1.301118
1.209301 1.540085
0.046126 -0.264933
-0.360285 1.199480
0.838298 0.463050
0.957723 1.511701
2.749265 1.454570
0.869954 0.590790
0.862751 2.462095
0.875939 1.650704
0.287598 0.344417
0.851712 0.854623
2.084682 -0.050367
1.102368 0.983897
0.357505 1.119670
2.725046 1.479170
2.563831 1.176187
3.102326 3.483446
1.386485 1.847620
2.019209 2.936440
2.090834 1.328664
3.441648 2.885008
1.646383 3.086924
2.863998 2.445830
1.800285 1.538451
1.145209 2.790965
0.926848 0.838984
2.709275 1.736824
2.083003 1.815587
1.607428 2.896060
2.243516 1.791923
1.989342 2.493384
1.943371 1.032856
2.322499 3.294442
0.674107 1.735757
1.790100 2.517476
1.819620 1.445442
1.676619 3.050133
1.513195 2.113678
1.989541 2.989779
1.619124 1.129297
2.098152 2.847744
1.864756 0.187971
2.893137 2.485837
1.149300 1.610778
1.966718 2.256444
1.860054 1.201617
1.707581 2.681749
1.328619 1.156646
2.123177 2.022527
1.189709 4.393595
3.213016 2.185225
1.719426 2.313352
1.349654 2.239469
1.771401 3.140448
3.041172 2.101310
1.576629 3.595548
1.715139 2.985391
1.880492 2.460904
2.685930 2.232171
2.549207 3.605877
2.061016 0.808932
2.345502 2.569105
2.763076 2.151833
1.414870 1.402968
1.783194 3.396839
3.672607 2.828151
2.668107 2.708460
2.850308 4.127923
3.192079 4.174415
2.436520 2.839251
1.880704 2.630885
3.823907 2.671175
2.627780 2.619904
2.487884 2.820223
3.405855 3.054611
3.598304 2.731068
3.121554 1.704638
2.439392 2.455110
2.993123 2.982150
3.932007 2.277011
2.938097 1.564009
2.038948 4.366068
3.052032 2.736977
2.772171 2.707172
3.386732 3.114806
2.504982 3.447680
2.634812 2.457538
3.540574 2.497346
3.346651 2.336827
2.828385 3.231173
4.435154 3.014603
3.224779 1.726740
2.838541 3.363960
2.408243 3.552165
3.981283 2.517138
3.059091 2.856026
3.879939 4.869375
2.780191 2.908270
2.827032 2.369399
2.810924 2.965107
3.206241 3.932334
3.398548 5.414318
3.438071 2.247869
3.022036 2.555749
2.030607 3.853957
3.675534 3.354920
2.807520 2.410673
3.031854 2.619223
3.619868 2.947148
2.534024 2.938940
4.272723 3.182781
2.702385 3.182604
2.938187 2.332797
2.607083 2.395851
