0.300000 3.000000 5.000000 0.000000
0.300000 2.900000 5.000000 0.010000
0.300000 3.000000 5.000000 0.020000
0.300000 2.900000 5.000000 0.050000
0.300000 3.450000 6.000000 0.000000
0.300000 3.550000 6.000000 0.010000
0.300000 3.700000 6.000000 0.020000
0.300000 3.350000 6.000000 0.050000
0.300000 2.950000 5.000000 0.000000
0.300000 2.950000 5.000000 0.020000
0.300000 2.800000 5.000000 0.050000
0.300000 3.500000 6.000000 0.000000
0.300000 3.450000 6.000000 0.010000
0.300000 3.550000 6.000000 0.020000
0.300000 3.500000 6.000000 0.050000
0.300000 3.000000 5.000000 0.050000
0.300000 3.500000 6.000000 0.010000
0.300000 3.050000 5.000000 0.000000
0.300000 3.000000 5.000000 0.010000
0.300000 2.850000 5.000000 0.050000
0.300000 3.550000 6.000000 0.000000
0.300000 3.250000 6.000000 0.020000
